Coefficients: [9435.50157918]
Intercept: 25849.580024160794
